Sequence_ID	A	T	C	G
Human	0.280594996619337	0.242055442866802	0.216362407031778	0.260987153482083
Chimp	0.279918864097363	0.24340770791075	0.213657876943881	0.263015551048005
Gorilla	0.279918864097363	0.242055442866802	0.21501014198783	0.263015551048005
Orangutan	0.283975659229209	0.242731575388776	0.212981744421907	0.260311020960108
Gibbon	0.284075573549258	0.243589743589744	0.213225371120108	0.259109311740891
Rhes_cDNA	0.287726358148893	0.244131455399061	0.215962441314554	0.252179745137492
Baboon	0.283702213279678	0.246143527833669	0.21663313212609	0.253521126760563
AGM	0.290614886731392	0.242718446601942	0.216828478964401	0.249838187702265
AGM_cDNA	0.28673139158576	0.24336569579288	0.216828478964401	0.253074433656958
Tant_cDNA	0.289320388349515	0.242718446601942	0.21747572815534	0.250485436893204
Patas	0.286195286195286	0.245117845117845	0.212794612794613	0.255892255892256
Colobus	0.284175084175084	0.243097643097643	0.214814814814815	0.257912457912458
DLangur	0.287542087542088	0.243771043771044	0.214814814814815	0.253872053872054
PMarmoset	0.290823211875843	0.253711201079622	0.207152496626181	0.248313090418354
Tamarin	0.293522267206478	0.255060728744939	0.208502024291498	0.242914979757085
Squirrel	0.283400809716599	0.251012145748988	0.218623481781377	0.246963562753036
Owl	0.291497975708502	0.253036437246964	0.206477732793522	0.248987854251012
Titi	0.284075573549258	0.252361673414305	0.211201079622132	0.252361673414305
Saki	0.289473684210526	0.253711201079622	0.207152496626181	0.249662618083671
Howler	0.298245614035088	0.254083484573503	0.209316394434362	0.238354506957048
Spider	0.294332723948812	0.252894576477757	0.205362583790372	0.247410115783059
Woolly	0.291895185862279	0.250457038391225	0.209628275441804	0.248019500304692
Overall	 0.2873526681688	0.247328750163447	0.212763936766453	0.2525546449013 
